%YAML:1.0
---
R: !!opencv-matrix
   rows: 3
   cols: 3
   dt: d
   data: [ 9.9943488145358428e-01, -3.3450192627353777e-02,
       -3.3169786030068393e-03, 3.3465809644138360e-02,
       9.9942847952240910e-01, 4.7701052805757746e-03,
       3.1555219413234733e-03, -4.8784149801352726e-03,
       9.9998312173184178e-01 ]
T: !!opencv-matrix
   rows: 3
   cols: 1
   dt: d
   data: [ -8.1085277944580328e-02, -4.6460372239114429e+00,
       1.7673102173619469e-02 ]
R1: !!opencv-matrix
   rows: 3
   cols: 3
   dt: d
   data: [ 9.9870298886159703e-01, -5.0886803737778444e-02,
       -1.6950646789215414e-03, 5.0888393364734080e-02,
       9.9870393337884700e-01, 9.0822594971874801e-04,
       1.6466510465176049e-03, -9.9330708870539906e-04,
       9.9999815093896982e-01 ]
R2: !!opencv-matrix
   rows: 3
   cols: 3
   dt: d
   data: [ 9.9984639916072038e-01, -1.7443402408101570e-02,
       1.7046400706986547e-03, 1.7449783874582951e-02,
       9.9984050724870943e-01, -3.8033021670571027e-03,
       -1.6380256627842326e-03, 3.8324635774698570e-03,
       9.9999131450970891e-01 ]
P1: !!opencv-matrix
   rows: 3
   cols: 4
   dt: d
   data: [ 1.9511667465885233e+02, 0., 8.8538000488281250e+02, 0., 0.,
       1.9511667465885233e+02, 5.6900846862792969e+02, 0., 0., 0., 1.,
       0. ]
P2: !!opencv-matrix
   rows: 3
   cols: 4
   dt: d
   data: [ 1.9511667465885233e+02, 0., 8.8538000488281250e+02, 0., 0.,
       1.9511667465885233e+02, 5.6900846862792969e+02,
       -9.0666393979710085e+02, 0., 0., 1., 0. ]
Q: !!opencv-matrix
   rows: 4
   cols: 4
   dt: d
   data: [ 1., 0., 0., -8.8538000488281250e+02, 0., 1., 0.,
       -5.6900846862792969e+02, 0., 0., 0., 1.9511667465885233e+02, 0.,
       0., 2.1520286193638277e-01, 0. ]
