%YAML:1.0
---
R: !!opencv-matrix
   rows: 3
   cols: 3
   dt: d
   data: [ 9.9996396143136612e-01, -8.4035561442454502e-03,
       1.2066824851156043e-03, 8.4839783209713724e-03,
       9.9437864203060211e-01, -1.0554211664176982e-01,
       -3.1297018812975888e-04, 1.0554855052299947e-01,
       9.9441410163581012e-01 ]
T: !!opencv-matrix
   rows: 3
   cols: 1
   dt: d
   data: [ -1.7678347317717438e-01, 1.7217358976054424e+01,
       8.3663925861429977e-01 ]
W: 1920
H: 1080
