%YAML:1.0
---
R: !!opencv-matrix
   rows: 3
   cols: 3
   dt: d
   data: [ 0.99996396143136612, -0.0084035561442454502,
       0.0012066824851156043, 0.0084839783209713724, 0.99437864203060211,
       -0.10554211664176982, -0.00031297018812975888,
       0.10554855052299947, 0.99441410163581012 ]
T: !!opencv-matrix
   rows: 3
   cols: 1
   dt: d
   data: [ -0.17678347317717438, 17.217358976054424, 0.83663925861429977 ]
W: 1920
H: 1080
