%YAML:1.0
---
M1: !!opencv-matrix
   rows: 3
   cols: 3
   dt: d
   data: [ 2.9782605348336085e+02, 0., 8.7605748667988428e+02, 0.,
       2.9782605348336085e+02, 5.0592858604627236e+02, 0., 0., 1. ]
D1: !!opencv-matrix
   rows: 1
   cols: 14
   dt: d
   data: [ -1.6759196085279711e-02, 1.8207449425801581e-04, 0., 0., 0.,
       0., 0., -8.4096411274885150e-06, 0., 0., 0., 0., 0., 0. ]
M2: !!opencv-matrix
   rows: 3
   cols: 3
   dt: d
   data: [ 2.9782605348336085e+02, 0., 9.2850462161019345e+02, 0.,
       2.9782605348336085e+02, 6.1340104740620950e+02, 0., 0., 1. ]
D2: !!opencv-matrix
   rows: 1
   cols: 14
   dt: d
   data: [ -1.7129502770460117e-02, 2.7195044030995063e-04, 0., 0., 0.,
       0., 0., -1.5132690638810842e-06, 0., 0., 0., 0., 0., 0. ]
