%YAML:1.0
---
M1: !!opencv-matrix
   rows: 3
   cols: 3
   dt: d
   data: [ 1001.9311106220408, 0., 1010.7981053091472, 0.,
       1002.6553217388741, 560.54523462834845, 0., 0., 1. ]
D1: !!opencv-matrix
   rows: 1
   cols: 5
   dt: d
   data: [ -0.1297014392942728, 0.015491515169119677,
       -0.0025162093507953313, -0.0021742944160209831,
       -0.0014656381864208905 ]
M2: !!opencv-matrix
   rows: 3
   cols: 3
   dt: d
   data: [ 1001.9311106220408, 0., 978.32413448519537, 0.,
       1002.6553217388741, 510.67723126173331, 0., 0., 1. ]
D2: !!opencv-matrix
   rows: 1
   cols: 5
   dt: d
   data: [ -0.13011119104938557, 0.0095719664886174827,
       0.0019396289083329985, -0.0011153914377612839,
       0.0028729387501734869 ]
