%YAML:1.0
---
M1: !!opencv-matrix
   rows: 3
   cols: 3
   dt: d
   data: [ 1.0019311106220408e+03, 0., 1.0107981053091472e+03, 0.,
       1.0026553217388741e+03, 5.6054523462834845e+02, 0., 0., 1. ]
D1: !!opencv-matrix
   rows: 1
   cols: 5
   dt: d
   data: [ -1.2970143929427280e-01, 1.5491515169119677e-02,
       -2.5162093507953313e-03, -2.1742944160209831e-03,
       -1.4656381864208905e-03 ]
M2: !!opencv-matrix
   rows: 3
   cols: 3
   dt: d
   data: [ 1.0019311106220408e+03, 0., 9.7832413448519537e+02, 0.,
       1.0026553217388741e+03, 5.1067723126173331e+02, 0., 0., 1. ]
D2: !!opencv-matrix
   rows: 1
   cols: 5
   dt: d
   data: [ -1.3011119104938557e-01, 9.5719664886174827e-03,
       1.9396289083329985e-03, -1.1153914377612839e-03,
       2.8729387501734869e-03 ]
